Vernier Format 2
lab3.txt 2/17/2021 19:57:24
Run 1
Time	Temperature	
T	T	
s	°C	

0	50.1	
1	50.1	
2	50.1	
3	50.2	
4	50.3	
5	50.3	
6	50.3	
7	50.3	
8	50.3	
9	50.3	
10	50.3	
11	50.2	
12	50.2	
13	50.1	
14	50.1	
15	50.0	
16	49.9	
17	49.8	
18	49.7	
19	49.6	
20	49.6	
21	49.4	
22	49.3	
23	49.2	
24	49.2	
25	49.1	
26	49.0	
27	49.0	
28	48.9	
29	48.8	
30	48.7	
31	48.6	
32	48.5	
33	48.4	
34	48.4	
35	48.3	
36	48.2	
37	48.1	
38	48.1	
39	47.9	
40	47.9	
41	47.8	
42	47.7	
43	47.6	
44	47.5	
45	47.5	
46	47.4	
47	47.3	
48	47.3	
49	47.2	
50	47.2	
51	47.1	
52	47.0	
53	47.0	
54	46.9	
55	46.9	
56	46.9	
57	46.8	
58	46.8	
59	46.7	
60	46.7	
61	46.6	
62	46.6	
63	46.5	
64	46.5	
65	46.4	
66	46.4	
67	46.4	
68	46.3	
69	46.3	
70	46.2	
71	46.2	
72	46.1	
73	46.1	
74	46.1	
75	46.0	
76	46.0	
77	46.0	
78	45.9	
79	45.9	
80	45.8	
81	45.8	
82	45.8	
83	45.8	
84	45.8	
85	45.7	
86	45.7	
87	45.7	
88	45.7	
89	45.7	
90	45.6	
91	45.6	
92	45.5	
93	45.5	
94	45.4	
95	45.4	
96	45.3	
97	45.3	
98	45.3	
99	45.2	
100	45.2	
101	45.2	
102	45.1	
103	45.1	
104	45.1	
105	45.1	
106	45.0	
107	45.0	
108	45.0	
109	45.0	
110	45.0	
111	44.9	
112	44.9	
113	44.9	
114	44.8	
115	44.8	
116	44.8	
117	44.8	
118	44.7	
119	44.7	
120	44.6	
121	44.6	
122	44.6	
123	44.5	
124	44.5	
125	44.5	
126	44.4	
127	44.4	
128	44.4	
129	44.3	
130	44.3	
131	44.3	
132	44.2	
133	44.2	
134	44.1	
135	44.1	
136	44.1	
137	44.1	
138	44.0	
139	44.0	
140	44.0	
141	43.9	
142	43.9	
143	43.9	
144	43.9	
145	43.8	
146	43.8	
147	43.8	
148	43.8	
149	43.8	
150	43.8	
151	43.8	
152	43.8	
153	43.7	
154	43.7	
155	43.6	
156	43.6	
157	43.5	
158	43.5	
159	43.5	
160	43.5	
161	43.4	
162	43.4	
163	43.4	
164	43.3	
165	43.3	
166	43.3	
167	43.2	
168	43.2	
169	43.2	
170	43.1	
171	43.1	
172	43.1	
173	43.0	
174	43.0	
175	43.0	
176	42.9	
177	42.9	
178	42.9	
179	42.8	
180	42.8	
181	42.8	
182	42.8	
183	42.7	
184	42.7	
185	42.7	
186	42.7	
187	42.6	
188	42.6	
189	42.6	
190	42.5	
191	42.5	
192	42.5	
193	42.4	
194	42.4	
195	42.4	
196	42.4	
197	42.4	
198	42.3	
199	42.3	
200	42.3	
201	42.3	
202	42.2	
203	42.2	
204	42.2	
205	42.2	
206	42.1	
207	42.0	
208	42.0	
209	42.0	
210	42.0	
211	41.9	
212	41.9	
213	41.9	
214	41.9	
215	41.9	
216	41.9	
217	41.8	
218	41.8	
219	41.7	
220	41.7	
221	41.7	
222	41.7	
223	41.6	
224	41.6	
225	41.5	
226	41.5	
227	41.5	
228	41.5	
229	41.4	
230	41.4	
231	41.4	
232	41.3	
233	41.3	
234	41.3	
235	41.2	
236	41.1	
237	41.0	
238	40.9	
239	40.8	
240	40.8	
241	40.9	
242	40.9	
243	40.9	
244	40.9	
245	40.9	
246	41.0	
247	40.9	
248	40.9	
249	40.9	
250	40.9	
251	40.8	
252	40.8	
253	40.8	
254	40.8	
255	40.7	
256	40.7	
257	40.7	
258	40.6	
259	40.6	
260	40.6	
261	40.6	
262	40.5	
263	40.5	
264	40.5	
265	40.5	
266	40.5	
267	40.5	
268	40.5	
269	40.5	
270	40.5	
271	40.4	
272	40.4	
273	40.4	
274	40.4	
275	40.4	
276	40.4	
277	40.3	
278	40.3	
279	40.3	
280	40.2	
281	40.2	
282	40.3	
283	40.2	
284	40.2	
285	40.2	
286	40.2	
287	40.1	
288	40.1	
289	40.0	
290	40.0	
291	40.0	
292	39.9	
293	39.9	
294	39.9	
295	39.9	
296	39.9	
297	39.9	
298	39.9	
299	39.9	
300	39.9	
341	39.1	
342	39.1	
343	39.1	
344	39.0	
345	39.0	
346	39.0	
347	39.0	
348	39.0	
349	39.0	
350	39.0	
351	39.0	
352	39.0	
353	39.0	
354	39.0	
355	39.0	
356	39.0	
357	39.0	
358	39.0	
359	38.9	
360	38.9	
361	39.0	
362	38.9	
363	38.9	
364	38.9	
365	39.0	
366	38.9	
367	38.9	
368	38.9	
369	38.9	
370	38.9	
371	38.9	
372	38.9	
373	38.9	
374	38.9	
375	38.9	
376	38.9	
377	38.9	
378	38.9	
379	38.9	
380	38.9	
381	38.9	
382	38.9	
383	38.9	
384	38.9	
385	38.9	
386	38.9	
387	38.9	
388	38.9	
389	38.9	
390	38.9	
391	38.9	
392	38.9	
393	38.9	
394	38.9	
395	38.9	
396	38.9	
397	38.9	
398	38.9	
399	38.9	
400	38.9	
401	38.9	
402	38.9	
403	38.9	
404	38.9	
405	38.9	
406	38.9	
407	38.9	
408	38.9	
409	38.9	
410	38.9	
411	38.9	
412	38.9	
413	38.9	
414	38.9	
415	38.9	
416	38.9	
417	38.9	
418	38.9	
419	38.9	
420	38.9	
421	38.9	
422	38.9	
423	38.9	
424	38.9	
425	38.9	
426	38.9	
427	38.9	
428	38.9	
429	38.9	
430	38.9	
431	38.9	
432	38.9	
433	38.9	
434	38.9	
435	38.9	
436	38.9	
437	38.9	
438	38.9	
439	38.9	
440	38.9	
441	38.9	
442	38.9	
443	38.9	
444	38.9	
445	38.9	
446	38.9	
447	38.9	
448	38.9	
449	38.9	
450	38.9	
451	38.9	
452	38.9	
453	38.9	
454	38.9	
455	38.9	
456	38.9	
457	38.9	
458	38.9	
459	38.9	
460	38.9	
461	38.9	
462	38.9	
463	38.9	
464	38.9	
465	38.9	
466	38.9	
467	38.9	
468	38.9	
469	38.9	
470	38.9	
471	38.9	
472	38.9	
473	38.9	
474	38.9	
475	38.9	
476	38.9	
477	38.9	
478	38.9	
479	38.9	
480	38.9	
481	38.9	
482	38.9	
483	38.9	
484	38.9	
485	38.9	
486	38.9	
487	38.9	
488	38.9	
489	38.9	
490	38.9	
491	38.9	
492	38.9	
493	38.9	
494	38.9	
495	38.9	
496	38.9	
497	38.9	
498	38.9	
499	38.9	
500	38.9	
501	38.9	
502	38.9	
503	38.9	
504	38.9	
505	38.9	
506	38.9	
507	38.9	
508	38.9	
509	38.9	
510	38.9	
511	38.9	
512	38.9	
513	38.9	
514	38.9	
515	38.9	
516	38.9	
517	38.9	
518	38.9	
519	38.9	
520	38.9	
521	38.9	
522	38.9	
523	38.9	
524	38.9	
525	38.9	
526	38.9	
527	38.9	
528	38.9	
529	38.9	
530	38.9	
531	38.9	
532	38.9	
533	38.9	
534	38.9	
535	38.9	
536	38.9	
537	38.9	
538	38.9	
539	38.9	
540	38.9	
541	38.9	
542	38.9	
543	38.9	
544	38.9	
545	38.9	
546	38.9	
547	38.9	
548	38.9	
549	38.9	
550	38.9	
551	38.9	
552	38.9	
553	38.9	
554	38.9	
555	38.9	
556	38.9	
557	38.9	
558	38.9	
559	38.9	
560	38.9	
561	38.9	
562	38.9	
563	38.9	
564	38.9	
565	38.9	
566	38.9	
567	38.9	
568	38.9	
569	38.9	
570	38.9	
571	38.9	
572	38.9	
573	38.9	
574	38.9	
575	38.9	
576	38.9	
577	38.9	
578	38.9	
579	38.9	
580	38.9	
581	38.9	
582	38.9	
583	38.9	
584	38.9	
585	38.9	
586	38.9	
587	38.9	
588	38.9	
589	38.9	
590	38.9	
591	38.9	
592	38.9	
593	38.9	
594	38.9	
595	38.9	
596	38.9	
597	38.9	
598	38.9	
599	38.9	
600	38.9	
601	38.9	
602	38.9	
603	38.9	
604	38.9	
605	38.9	
		
Vernier Format 2
lab3.txt 2/17/2021 19:57:24
Run 2
Time	Temperature	
T	T	
s	°C	

0	74.5	
1	74.3	
2	74.2	
3	74.1	
4	74.0	
5	73.8	
6	73.7	
7	73.6	
8	73.4	
9	73.2	
10	73.1	
11	73.0	
12	72.8	
13	72.7	
14	72.7	
15	72.5	
16	72.3	
17	72.2	
18	72.0	
19	71.9	
20	71.7	
21	71.6	
22	71.5	
23	71.4	
24	71.3	
25	71.3	
26	71.1	
27	71.0	
28	71.0	
29	70.8	
30	70.7	
31	70.6	
32	70.5	
33	70.4	
34	70.3	
35	70.2	
36	70.1	
37	70.0	
38	69.9	
39	69.8	
40	69.7	
41	69.6	
42	69.6	
43	69.5	
44	69.3	
45	69.2	
46	69.2	
47	69.1	
48	68.9	
49	68.9	
50	68.8	
51	68.7	
52	68.6	
53	68.4	
54	68.3	
55	68.2	
56	68.1	
57	68.0	
58	67.9	
59	67.8	
60	67.7	
61	67.7	
62	67.6	
63	67.5	
64	67.4	
65	67.3	
66	67.2	
67	67.1	
68	67.0	
69	67.0	
70	66.9	
71	66.8	
72	66.7	
73	66.5	
74	66.5	
75	66.4	
76	66.3	
77	66.2	
78	66.1	
79	66.0	
80	66.0	
81	65.9	
82	65.8	
83	65.7	
84	65.6	
85	65.6	
86	65.5	
87	65.4	
88	65.3	
89	65.2	
90	65.1	
91	65.0	
92	65.0	
93	64.9	
94	64.8	
95	64.8	
96	64.7	
97	64.6	
98	64.6	
99	64.5	
100	64.4	
101	64.3	
102	64.3	
103	64.2	
104	64.1	
105	64.0	
106	63.9	
107	63.8	
108	63.7	
109	63.7	
110	63.6	
111	63.5	
112	63.5	
113	63.4	
114	63.3	
115	63.3	
116	63.3	
117	63.2	
118	63.2	
119	63.1	
120	63.1	
121	63.0	
122	62.9	
123	62.8	
124	62.7	
125	62.6	
126	62.6	
127	62.5	
128	62.4	
129	62.4	
130	62.3	
131	62.2	
132	62.2	
133	62.1	
134	62.1	
135	62.0	
136	61.9	
137	61.9	
138	61.8	
139	61.8	
140	61.7	
141	61.6	
142	61.5	
143	61.5	
144	61.4	
145	61.3	
146	61.3	
147	61.2	
148	61.2	
149	61.1	
150	61.0	
151	60.9	
152	60.9	
153	60.8	
154	60.8	
155	60.7	
156	60.7	
157	60.6	
158	60.5	
159	60.5	
160	60.3	
161	60.2	
162	60.2	
163	60.1	
164	60.0	
165	59.9	
166	59.8	
167	59.7	
168	59.7	
169	59.6	
170	59.5	
171	59.5	
172	59.4	
173	59.3	
174	59.3	
175	59.2	
176	59.2	
177	59.1	
178	59.0	
179	58.9	
180	58.9	
181	58.8	
182	58.7	
183	58.6	
184	58.6	
185	58.5	
186	58.5	
187	58.4	
188	58.3	
189	58.2	
190	58.2	
191	58.2	
192	58.1	
193	58.0	
194	57.9	
195	57.9	
196	57.9	
197	57.8	
198	57.7	
199	57.6	
200	57.6	
201	57.5	
202	57.5	
203	57.4	
204	57.3	
205	57.2	
206	57.2	
207	57.1	
208	57.1	
209	57.0	
210	57.0	
211	56.9	
212	56.8	
213	56.8	
214	56.7	
215	56.7	
216	56.6	
217	56.5	
218	56.5	
219	56.4	
220	56.3	
221	56.3	
222	56.2	
223	56.1	
224	56.0	
225	56.0	
226	55.9	
227	55.8	
228	55.8	
229	55.7	
230	55.6	
231	55.5	
232	55.5	
233	55.4	
234	55.4	
235	55.3	
236	55.3	
237	55.2	
238	55.2	
239	55.1	
240	55.1	
241	55.0	
242	55.0	
243	54.9	
244	54.8	
245	54.7	
246	54.7	
247	54.7	
248	54.6	
249	54.5	
250	54.5	
251	54.4	
252	54.3	
253	54.3	
254	54.2	
255	54.1	
256	54.1	
257	54.0	
258	54.0	
259	53.9	
260	53.9	
261	53.9	
262	53.8	
263	53.7	
264	53.7	
265	53.7	
266	53.5	
267	53.5	
268	53.4	
269	53.4	
270	53.3	
271	53.3	
272	53.2	
273	53.1	
274	53.1	
275	53.0	
276	53.0	
277	52.9	
278	52.8	
279	52.8	
280	52.8	
281	52.7	
282	52.6	
283	52.6	
284	52.5	
285	52.5	
286	52.4	
287	52.3	
288	52.3	
289	52.2	
290	52.2	
291	52.1	
292	52.1	
293	52.0	
294	52.0	
295	51.9	
296	51.8	
297	51.8	
298	51.7	
299	51.7	
300	51.6	
301	51.5	
302	51.5	
303	51.4	
304	51.3	
305	51.3	
306	51.2	
307	51.2	
308	51.1	
309	51.0	
310	50.9	
311	50.9	
312	50.9	
313	50.8	
314	50.7	
315	50.7	
316	50.6	
317	50.6	
318	50.5	
319	50.5	
320	50.5	
321	50.4	
322	50.4	
323	50.4	
324	50.4	
325	50.3	
326	50.3	
327	50.3	
328	50.3	
329	50.2	
330	50.2	
331	50.2	
332	50.2	
333	50.1	
334	50.1	
335	50.1	
336	50.0	
337	50.0	
338	49.9	
339	49.9	
340	49.9	
341	49.8	
342	49.7	
343	49.7	
344	49.6	
345	49.6	
346	49.5	
347	49.5	
348	49.4	
349	49.3	
350	49.3	
351	49.2	
352	49.1	
353	49.1	
354	49.0	
355	49.0	
356	48.9	
357	48.8	
358	48.6	
359	48.4	
360	48.2	
361	48.1	
362	48.0	
363	47.9	
364	47.9	
365	47.8	
366	47.8	
367	47.7	
368	47.7	
369	47.6	
370	47.6	
371	47.6	
372	47.5	
373	47.5	
374	47.5	
375	47.4	
376	47.4	
377	47.4	
378	47.3	
379	47.3	
380	47.3	
381	47.3	
382	47.2	
383	47.2	
384	47.2	
385	47.1	
386	47.1	
387	47.1	
388	47.0	
389	47.0	
390	47.0	
391	46.9	
392	46.9	
393	46.8	
394	46.8	
395	46.8	
396	46.7	
397	46.7	
398	46.6	
399	46.6	
400	46.6	
401	46.5	
402	46.4	
403	46.4	
404	46.4	
405	46.3	
406	46.3	
407	46.3	
408	46.2	
409	46.2	
410	46.2	
411	46.1	
412	46.1	
413	46.0	
414	46.0	
415	45.9	
416	45.9	
417	45.8	
418	45.8	
419	45.8	
420	45.8	
421	45.7	
422	45.7	
423	45.6	
424	45.6	
425	45.5	
426	45.5	
427	45.4	
428	45.4	
429	45.3	
430	45.2	
431	45.2	
432	45.2	
433	45.1	
434	45.1	
435	45.0	
436	45.0	
437	44.9	
438	44.9	
439	44.8	
440	44.8	
441	44.8	
442	44.7	
443	44.7	
444	44.6	
445	44.6	
446	44.5	
447	44.5	
448	44.5	
449	44.4	
450	44.4	
451	44.3	
452	44.3	
453	44.2	
454	44.2	
455	44.2	
456	44.1	
457	44.1	
458	44.0	
459	44.0	
460	43.9	
461	43.9	
462	43.8	
463	43.8	
464	43.7	
465	43.7	
466	43.6	
467	43.5	
468	43.5	
469	43.5	
470	43.4	
471	43.4	
472	43.4	
473	43.3	
474	43.3	
475	43.2	
476	43.2	
477	43.1	
478	43.1	
479	43.0	
480	43.0	
481	43.0	
482	42.9	
483	42.9	
484	42.8	
485	42.8	
486	42.8	
487	42.8	
488	42.7	
489	42.7	
490	42.6	
491	42.6	
492	42.5	
493	42.5	
494	42.4	
495	42.4	
496	42.4	
497	42.3	
498	42.3	
499	42.2	
500	42.2	
501	42.1	
502	42.1	
503	42.1	
504	42.0	
505	42.0	
506	42.0	
507	41.9	
508	41.9	
509	41.9	
510	41.8	
511	41.8	
512	41.7	
513	41.7	
514	41.6	
515	41.6	
516	41.5	
517	41.5	
518	41.5	
519	41.4	
520	41.4	
521	41.3	
522	41.3	
523	41.3	
524	41.2	
525	41.2	
526	41.2	
527	41.1	
528	41.1	
529	41.1	
530	41.0	
531	41.0	
532	41.0	
533	40.9	
534	40.9	
535	40.9	
536	40.9	
537	40.8	
538	40.8	
539	40.7	
540	40.7	
541	40.6	
542	40.6	
543	40.6	
544	40.5	
545	40.5	
546	40.5	
547	40.4	
548	40.4	
549	40.4	
550	40.3	
551	40.3	
552	40.3	
553	40.2	
554	40.2	
555	40.2	
556	40.1	
557	40.1	
558	40.1	
559	40.1	
560	40.0	
561	40.0	
562	39.9	
563	39.9	
564	39.9	
565	39.9	
566	39.8	
567	39.8	
568	39.8	
569	39.8	
570	39.7	
571	39.7	
572	39.7	
573	39.7	
574	39.6	
575	39.6	
576	39.6	
577	39.5	
578	39.5	
579	39.5	
580	39.4	
581	39.4	
582	39.3	
583	39.3	
584	39.3	
585	39.2	
586	39.2	
587	39.1	
588	39.1	
589	39.1	
590	39.1	
591	39.0	
592	39.0	
593	39.0	
594	39.0	
595	39.0	
596	38.9	
597	38.9	
598	38.9	
599	38.8	
600	38.8	
608	38.5	
609	38.5	
610	38.5	
611	38.5	
612	38.4	
613	38.4	
614	38.4	
615	38.4	
616	38.4	
617	38.3	
618	38.3	
619	38.3	
620	38.2	
621	38.2	
622	38.1	
623	38.1	
624	38.1	
625	38.1	
626	38.0	
627	38.0	
628	38.0	
629	37.9	
630	37.9	
631	37.9	
632	37.9	
633	37.8	
634	37.8	
635	37.7	
636	37.7	
637	37.7	
638	37.7	
639	37.6	
640	37.6	
641	37.6	
642	37.5	
643	37.5	
644	37.5	
645	37.5	
646	37.4	
647	37.4	
648	37.4	
649	37.4	
650	37.3	
651	37.3	
652	37.2	
653	37.2	
654	37.2	
655	37.1	
656	37.1	
657	37.1	
658	37.1	
659	37.0	
660	37.0	
661	37.0	
662	37.0	
663	37.0	
664	36.9	
665	36.9	
666	36.9	
667	36.9	
668	36.8	
669	36.8	
670	36.8	
671	36.7	
672	36.7	
673	36.7	
674	36.7	
675	36.7	
676	36.7	
677	36.6	
678	36.6	
679	36.6	
680	36.6	
681	36.5	
682	36.5	
683	36.5	
684	36.5	
685	36.5	
686	36.4	
687	36.4	
688	36.4	
689	36.4	
690	36.4	
691	36.3	
692	36.3	
693	36.3	
694	36.2	
695	36.2	
696	36.1	
697	36.1	
698	36.1	
699	36.1	
700	36.0	
701	36.0	
702	36.0	
703	36.0	
704	36.0	
705	36.0	
706	36.0	
707	35.9	
708	35.9	
709	35.9	
710	35.8	
711	35.8	
712	35.8	
713	35.7	
714	35.7	
715	35.7	
716	35.7	
717	35.7	
718	35.6	
719	35.6	
720	35.6	
721	35.6	
722	35.5	
723	35.5	
724	35.5	
725	35.5	
726	35.5	
727	35.4	
728	35.4	
729	35.4	
730	35.4	
731	35.4	
732	35.3	
733	35.3	
734	35.3	
735	35.2	
736	35.2	
737	35.2	
738	35.2	
739	35.2	
740	35.1	
741	35.1	
742	35.1	
743	35.1	
744	35.1	
745	35.1	
746	35.1	
747	35.1	
748	35.0	
749	35.0	
750	34.9	
751	34.9	
752	34.9	
753	34.9	
754	34.9	
755	34.8	
756	34.8	
757	34.8	
758	34.8	
759	34.8	
760	34.8	
761	34.8	
762	34.8	
763	34.8	
764	34.8	
765	34.8	
766	34.8	
767	34.8	
768	34.8	
769	34.8	
770	34.8	
771	34.9	
772	34.9	
773	34.9	
774	34.9	
775	34.9	
776	35.0	
777	35.0	
778	35.0	
779	35.0	
780	35.1	
781	35.1	
782	35.1	
783	35.1	
784	35.1	
785	35.1	
786	35.1	
787	35.1	
788	35.1	
789	35.1	
790	35.1	
791	35.1	
792	35.1	
793	35.1	
794	35.1	
795	35.2	
796	35.2	
797	35.2	
798	35.1	
799	35.2	
800	35.2	
801	35.2	
802	35.2	
803	35.2	
804	35.2	
805	35.2	
806	35.2	
807	35.2	
808	35.2	
809	35.2	
810	35.2	
811	35.1	
812	35.1	
813	35.1	
814	35.1	
815	35.1	
816	35.1	
817	35.1	
818	35.1	
819	35.1	
820	35.1	
821	35.1	
822	35.1	
823	35.1	
824	35.1	
825	35.1	
826	35.1	
827	35.1	
828	35.1	
829	35.1	
830	35.1	
831	35.1	
832	35.1	
833	35.1	
834	35.1	
835	35.1	
836	35.1	
837	35.1	
838	35.1	
839	35.1	
840	35.1	
841	35.1	
842	35.1	
843	35.1	
844	35.1	
845	35.1	
Vernier Format 2
lab3.txt 2/17/2021 19:57:24
Run 3
Time	Temperature	
T	T	
s	°C	

		
